[{"unique_name": "thorax_1", "body_name": "thorax", "mesh": "ground_ribs.stl", "tmatrix": "[[-1.0,0.0,0.000796,0.0];[0.0,1.0,0.0,0.0];[0.000796,0.0,1.0,0.0];[0, 0, 0, 1]]"}, {"unique_name": "thorax_2", "body_name": "thorax", "mesh": "ground_spine.stl", "tmatrix": "[[-1.0,0.0,0.000796,0.0];[0.0,1.0,0.0,0.0];[0.000796,0.0,1.0,0.0];[0, 0, 0, 1]]"}, {"unique_name": "thorax_3", "body_name": "thorax", "mesh": "ground_skull.stl", "tmatrix": "[[-1.0,0.0,0.000796,0.0];[0.0,1.0,0.0,0.0];[0.000796,0.0,1.0,0.0];[0, 0, 0, 1]]"}, {"unique_name": "thorax_4", "body_name": "thorax", "mesh": "ground_jaw.stl", "tmatrix": "[[-1.0,0.0,0.000796,0.0];[0.0,1.0,0.0,0.0];[0.000796,0.0,1.0,0.0];[0, 0, 0, 1]]"}, {"unique_name": "clavicle_1_1", "body_name": "clavicle_1", "mesh": "none", "tmatrix": "[[0.551733,0.0,0.834021,-0.012093];[0.0,1.0,0.0,0.0152];[0.834021,0.0,-0.551733,0.035014];[0, 0, 0, 1]]"}, {"unique_name": "clavicle_2_1", "body_name": "clavicle_2", "mesh": "none", "tmatrix": "[[0.549632,-0.048105,0.834021,-0.012093];[0.087189,0.996192,0.0,0.0152];[0.830845,-0.072718,-0.551733,0.035014];[0, 0, 0, 1]]"}, {"unique_name": "clavicle_r_1", "body_name": "clavicle_r", "mesh": "rclavicle.stl", "tmatrix": "[[0.549632,0.412811,0.726287,-0.012093];[0.087189,0.836287,-0.541315,0.0152];[0.830845,-0.360849,-0.423657,0.035014];[0, 0, 0, 1]]"}, {"unique_name": "scapula_1_1", "body_name": "scapula_1", "mesh": "none", "tmatrix": "[[-0.133897,0.412811,0.900921,0.122207];[0.447597,0.836287,-0.316671,0.025687];[0.884154,-0.360849,0.29675,0.17438];[0, 0, 0, 1]]"}, {"unique_name": "scapula_2_1", "body_name": "scapula_2", "mesh": "none", "tmatrix": "[[-0.130591,0.413868,0.900921,0.122207];[0.454272,0.83268,-0.316671,0.025687];[0.88124,-0.367908,0.29675,0.17438];[0, 0, 0, 1]]"}, {"unique_name": "scapula_r_1", "body_name": "scapula_r", "mesh": "rscapula.stl", "tmatrix": "[[-0.130591,0.21647,0.967516,0.122207];[0.454272,0.880471,-0.135679,0.025687];[0.88124,-0.421796,0.213318,0.17438];[0, 0, 0, 1]]"}, {"unique_name": "humerus_1_1", "body_name": "humerus_1", "mesh": "none", "tmatrix": "[[-0.764597,0.21647,0.607068,0.074493];[0.421541,0.880471,0.216967,0.012301];[0.487538,-0.421796,0.764457,0.176479];[0, 0, 0, 1]]"}, {"unique_name": "humerus_2_1", "body_name": "humerus_2", "mesh": "none", "tmatrix": "[[-0.765414,0.213564,0.607068,0.074493];[0.418193,0.882066,0.216967,0.012301];[0.489138,-0.419941,0.764457,0.176479];[0, 0, 0, 1]]"}, {"unique_name": "humerus_r_1", "body_name": "humerus_r", "mesh": "rhumerus.stl", "tmatrix": "[[-0.284364,0.213564,0.934627,0.074493];[0.467372,0.882066,-0.059353,0.012301];[0.837078,-0.419941,0.350642,0.176479];[0, 0, 0, 1]]"}, {"unique_name": "ulna_r_1", "body_name": "ulna_r", "mesh": "rulna.stl", "tmatrix": "[[-0.285486,0.510257,0.811255,0.01534];[0.465918,0.813615,-0.347782,-0.241696];[0.837507,-0.278691,0.470013,0.305129];[0, 0, 0, 1]]"}, {"unique_name": "radius_r_1", "body_name": "radius_r", "mesh": "rradius.stl", "tmatrix": "[[-0.357047,0.500909,0.788421,-0.008318];[0.490258,0.818947,-0.298283,-0.243146];[0.795088,-0.280029,0.537977,0.318289];[0, 0, 0, 1]]"}, {"unique_name": "hand_r_1", "body_name": "hand_r", "mesh": "r_hand.stl", "tmatrix": "[[0.356587,0.289432,-0.888299,0.007313];[-0.491639,0.866639,0.085018,-0.36437];[-0.794441,-0.406406,-0.451328,0.106881];[0, 0, 0, 1]]"}]